created: 20220125132203039
creator: TidGiUser
difficulty: 4.200000000245995
due: 20230603054641551
grade: 1
history: [{"due":"20220202094008709","interval":0,"difficulty":5,"stability":2,"retrievability":1,"grade":-1,"lapses":0,"reps":1,"review":"20220131094008709"}]
interval: 420
lapses: 0
modified: 20230327054641551
modifier: TidGiUser
reps: 2
retrievability: 2.459953978388054e-10
review: 20230327054641551
stability: 67.73476894199437
tags: 编程 ?
title: LATEX
tmap.id: af77b847-5b82-44f5-8ac5-ad7a7a26d7ba
type: $E = mc^2 $ $ \boxed{E=mc^2} $  $\colorbox{red}{$f(x)$}=\frac{x-\arctan(x-1)-1}{(x-1)^3}+2 x^2 e^x\cdot \colorbox{yellow}{$\color{Green} \lim\limits_{x\to1}{f(x)}$} $  ```mermaid pie  title 华东师范大学软件工程院报录比 "通过初试没考上":260 "成功上岸":3 ```